87592
90964
3711
1259
26109
24770
1247
1625
19372
9327
1567
386
40981
20941
125908
586
2000
36687
764
4431
45283
4000
16115
20558
11907
123853
2500
206
5540
20000
10000
11000
1591
2199
150
1000
16498
9837
1000
10000
53954
79009
23179
19456
22448
500
26622
4680
6353
34038
125857
1327
21722
5000
17902
27237
19141
24066
102902
2364
15000
16857
17932
915
7940
39766
45724
19629.77
118668.64
1600.26
8980.19
9522.25
23684.24
28207.22
1234.7
$11,564.49
31648.56
22018.5
$130,240.09
1256.38
$500.00
$17,296.94
$200.91
23476.07
50554.79
926.81
22528.24
$3,081.45
$20,302.56
124102.22
